1.476722769439220428e-02
1.278111431747674942e-02
1.111572887748479843e-02
9.486753493547439575e-03
7.733151782304048538e-03
5.942425224930047989e-03
4.364897031337022781e-03
3.200482111424207687e-03
2.452313201501965523e-03
1.994373276829719543e-03
1.708020456135272980e-03
1.524321502074599266e-03
1.406307565048336983e-03
1.331823412328958511e-03
1.286273822188377380e-03
1.259796903468668461e-03
1.245690626092255116e-03
1.239387784153223038e-03
1.237799646332859993e-03
1.238745520822703838e-03
1.240724697709083557e-03
1.242705387994647026e-03
1.244006445631384850e-03
1.244166865944862366e-03
1.243019243702292442e-03
1.240507117472589016e-03
1.236688578501343727e-03
1.231711590662598610e-03
1.225791638717055321e-03
1.219113240949809551e-03
1.211874536238610744e-03
1.204278436489403248e-03
1.196474186144769192e-03
1.188601367175579071e-03
1.180775463581085205e-03
1.173068536445498466e-03
1.165561261586844921e-03
1.158295199275016785e-03
1.151296775788068771e-03
1.144603476859629154e-03
1.138217281550168991e-03
1.132146106101572514e-03
1.126395189203321934e-03
1.120935194194316864e-03
1.115789753384888172e-03
1.110937446355819702e-03
1.106351497583091259e-03
1.102034701034426689e-03
1.097982749342918396e-03
1.094163977541029453e-03
