1.732431910932064056e-02
3.165349597111344337e-03
1.752782729454338551e-03
1.335158594883978367e-03
1.153891207650303841e-03
1.056669396348297596e-03
9.967319201678037643e-04
9.566441876813769341e-04
9.263146785087883472e-04
9.016426047310233116e-04
8.821291849017143250e-04
8.650599629618227482e-04
8.514048531651496887e-04
8.388246060349047184e-04
8.278895984403789043e-04
8.175711263902485371e-04
8.082435815595090389e-04
7.996970089152455330e-04
7.933242595754563808e-04
7.870190311223268509e-04
7.815296994522213936e-04
7.758817519061267376e-04
7.707551703788340092e-04
7.657975074835121632e-04
7.615898502990603447e-04
7.571945898234844208e-04
7.531254086643457413e-04
7.498474442400038242e-04
7.468497497029602528e-04
7.435632287524640560e-04
7.401930051855742931e-04
7.376740104518830776e-04
7.347479113377630711e-04
7.324317703023552895e-04
7.296819821931421757e-04
7.272280054166913033e-04
7.248504552990198135e-04
7.227002643048763275e-04
7.206463487818837166e-04
7.182533154264092445e-04
7.163081318140029907e-04
7.143096299842000008e-04
7.120305090211331844e-04
7.102829986251890659e-04
7.083934615366160870e-04
7.066705147735774517e-04
7.042481447570025921e-04
7.026058156043291092e-04
7.009659893810749054e-04
6.988441455177962780e-04
