1.727868057787418365e-02
4.373617935925722122e-03
2.126081380993127823e-03
1.548038329929113388e-03
1.292851637117564678e-03
1.155353384092450142e-03
1.072116196155548096e-03
1.014757086522877216e-03
9.709627483971416950e-04
9.364156867377460003e-04
9.101101313717663288e-04
8.880970417521893978e-04
8.703795028850436211e-04
8.563100127503275871e-04
8.447084110230207443e-04
8.342344081029295921e-04
8.244572672992944717e-04
8.155507966876029968e-04
8.068291936069726944e-04
7.994569023139774799e-04
7.926902617327868938e-04
7.868427201174199581e-04
7.810079259797930717e-04
7.758588762953877449e-04
7.706312462687492371e-04
7.661134004592895508e-04
7.618842064402997494e-04
7.579551893286406994e-04
7.542063249275088310e-04
7.510899449698626995e-04
7.476919563487172127e-04
7.445289520546793938e-04
7.414601277559995651e-04
7.384885102510452271e-04
7.353684632107615471e-04
7.326819468289613724e-04
7.298305863514542580e-04
7.272437214851379395e-04
7.247910834848880768e-04
7.224507280625402927e-04
7.201297557912766933e-04
7.179307867772877216e-04
7.160310633480548859e-04
7.139406516216695309e-04
7.120730588212609291e-04
7.102568633854389191e-04
7.084324024617671967e-04
7.064366945996880531e-04
7.047800463624298573e-04
7.031433633528649807e-04
