6.294535472989082336e-03
1.606883248314261436e-03
1.132177305407822132e-03
1.097722910344600677e-03
1.082705217413604259e-03
1.059083151631057262e-03
1.032025553286075592e-03
1.018440700136125088e-03
9.874581592157483101e-04
9.643618250265717506e-04
9.653064189478754997e-04
9.549869573675096035e-04
9.487491915933787823e-04
9.575362782925367355e-04
9.550288086757063866e-04
9.578276076354086399e-04
9.536104626022279263e-04
9.526725625619292259e-04
9.540501050651073456e-04
9.579005418345332146e-04
9.648335981182754040e-04
9.587093372829258442e-04
9.557658922858536243e-04
9.539176826365292072e-04
9.537739097140729427e-04
9.612668072804808617e-04
9.661205112934112549e-04
9.691657032817602158e-04
9.719990775920450687e-04
9.752834448590874672e-04
9.807719616219401360e-04
9.882790036499500275e-04
9.926992934197187424e-04
9.956778958439826965e-04
9.984003845602273941e-04
1.000423799268901348e-03
1.003051176667213440e-03
1.005935366265475750e-03
1.007689861580729485e-03
1.009215367957949638e-03
1.008492661640048027e-03
1.010665553621947765e-03
1.011433661915361881e-03
1.011958578601479530e-03
1.013186993077397346e-03
1.014729379676282406e-03
1.013165689073503017e-03
1.012622029520571232e-03
1.011087326332926750e-03
1.007888116873800755e-03
