4.325338173657655716e-03
1.769523718394339085e-03
1.227872911840677261e-03
1.050231629051268101e-03
9.703057585284113884e-04
9.308144799433648586e-04
9.029426146298646927e-04
8.837078930810093880e-04
8.657568832859396935e-04
8.589565404690802097e-04
8.562608272768557072e-04
8.489079191349446774e-04
8.436185307800769806e-04
8.403407409787178040e-04
8.415995398536324501e-04
8.307406096719205379e-04
8.293295977637171745e-04
8.248134399764239788e-04
8.196221897378563881e-04
8.158122655004262924e-04
8.074745419435203075e-04
8.011427707970142365e-04
8.066265727393329144e-04
8.062358247116208076e-04
8.027258445508778095e-04
8.047501323744654655e-04
8.041369146667420864e-04
8.021991816349327564e-04
7.978588691912591457e-04
7.999120280146598816e-04
8.044590358622372150e-04
7.975089829415082932e-04
7.992020691744983196e-04
8.044470450840890408e-04
8.002982940524816513e-04
7.980942027643322945e-04
7.938906783238053322e-04
7.889406988397240639e-04
7.860975456424057484e-04
7.858910248614847660e-04
7.823344785720109940e-04
7.826164364814758301e-04
7.808405207470059395e-04
7.752359379082918167e-04
7.771409582346677780e-04
7.691148202866315842e-04
7.660944829694926739e-04
7.692410727031528950e-04
7.617057417519390583e-04
7.627304876223206520e-04
