2.540587261319160461e-02
1.330017577856779099e-02
1.177693996578454971e-02
1.040315814316272736e-02
8.893680758774280548e-03
7.220217026770114899e-03
5.595210008323192596e-03
4.274770151823759079e-03
3.341976320371031761e-03
2.721319673582911491e-03
2.304918132722377777e-03
2.014603232964873314e-03
1.803376129828393459e-03
1.643668743781745434e-03
1.518943347036838531e-03
1.418994506821036339e-03
1.337355002760887146e-03
1.269803266040980816e-03
1.213475246913731098e-03
1.166327041573822498e-03
1.126790419220924377e-03
1.093596452847123146e-03
1.065662712790071964e-03
1.042053918354213238e-03
1.021969481371343136e-03
1.004734542220830917e-03
9.897943818941712379e-04
9.767037117853760719e-04
9.651096770539879799e-04
9.547387599013745785e-04
9.453764650970697403e-04
9.368593455292284489e-04
9.290585876442492008e-04
9.218730265274643898e-04
9.152221027761697769e-04
9.090417879633605480e-04
9.032787638716399670e-04
8.978867554105818272e-04
8.928309543989598751e-04
8.880766690708696842e-04
8.835965418256819248e-04
8.793671731837093830e-04
8.753658039495348930e-04
8.715753792785108089e-04
8.679758175276219845e-04
8.645550697110593319e-04
8.612981764599680901e-04
8.581916918046772480e-04
8.552270592190325260e-04
8.523925207555294037e-04
