 -----------------------------------------------------------------------------
|          CICLE          |   MEAN TRAINING ERROR   |  MEAN VALIDATION ERROR  |
 -----------------------------------------------------------------------------
|            1            |   0.9946558312817505    |   0.9531574838266781    |
 -----------------------------------------------------------------------------
|            2            |   0.25161316917551985   |   0.24016296369084553   |
 -----------------------------------------------------------------------------
|            3            |   0.22155700937222172   |   0.21438600733573135   |
 -----------------------------------------------------------------------------
|            4            |   0.20827656975388759   |   0.20212750136607363   |
 -----------------------------------------------------------------------------
|            5            |   0.19631230952799628   |   0.19069382138923271   |
 -----------------------------------------------------------------------------
|            6            |   0.18524451831720684   |   0.18005893005049162   |
 -----------------------------------------------------------------------------
|            7            |   0.17499242695004943   |   0.17020108670385317   |
 -----------------------------------------------------------------------------
|            8            |   0.16548897129905607   |   0.1610635904845268    |
 -----------------------------------------------------------------------------
|            9            |   0.15667305426379333   |   0.15258848465263206   |
 -----------------------------------------------------------------------------
|           10            |   0.1484888691421123    |   0.14472192531840714   |
 -----------------------------------------------------------------------------
|           11            |   0.14088542473689045   |   0.13741459769898123   |
 -----------------------------------------------------------------------------
|           12            |   0.13381611654572048   |   0.13062142647234065   |
 -----------------------------------------------------------------------------
|           13            |   0.1272383368008851    |   0.1243012145830964    |
 -----------------------------------------------------------------------------
|           14            |   0.1211131197516875    |   0.11841630048332553   |
 -----------------------------------------------------------------------------
|           15            |   0.11540481897673499   |   0.11293224430274672   |
 -----------------------------------------------------------------------------
|           16            |   0.11008081380907453   |   0.10781754208589228   |
 -----------------------------------------------------------------------------
|           17            |   0.1051112422239034    |   0.1030433657968063    |
 -----------------------------------------------------------------------------
|           18            |    0.100468757780915    |   0.09858332678113772   |
 -----------------------------------------------------------------------------
|           19            |   0.09612830843347209   |   0.09441326055462776   |
 -----------------------------------------------------------------------------
|           20            |   0.09206693521675921   |   0.0905110309772382    |
 -----------------------------------------------------------------------------
|           21            |   0.08826358900870614   |   0.08685635204899102   |
 -----------------------------------------------------------------------------
|           22            |   0.08469896372247686   |   0.08343062572479067   |
 -----------------------------------------------------------------------------
|           23            |   0.08135534443920507   |   0.08021679429201156   |
 -----------------------------------------------------------------------------
|           24            |   0.07821646912581834   |   0.07719920598772936   |
 -----------------------------------------------------------------------------
|           25            |   0.07526740270648555   |   0.07436349265337718   |
 -----------------------------------------------------------------------------
|           26            |   0.07249442236858959   |   0.07169645833443102   |
 -----------------------------------------------------------------------------
|           27            |   0.06988491308620833   |   0.06918597783249246   |
 -----------------------------------------------------------------------------
|           28            |   0.06742727243682428   |   0.06682090430776087   |
 -----------------------------------------------------------------------------
|           29            |   0.06511082387123483   |   0.06459098511221156   |
 -----------------------------------------------------------------------------
|           30            |   0.06292573767317677   |   0.06248678510858229   |
 -----------------------------------------------------------------------------
|           31            |   0.06086295891471933   |  0.060499616798208714   |
 -----------------------------------------------------------------------------
|           32            |   0.0589141417766595    |  0.058621476642467946   |
 -----------------------------------------------------------------------------
|           33            |   0.05707158966055645   |   0.05684498701865962   |
 -----------------------------------------------------------------------------
|           34            |   0.05532820057119612   |   0.05516334330209286   |
 -----------------------------------------------------------------------------
|           35            |  0.053677417295664685   |  0.053570265612425345   |
 -----------------------------------------------------------------------------
|           36            |   0.05211318194826708   |  0.052059954804346484   |
 -----------------------------------------------------------------------------
|           37            |  0.050629894489650024   |   0.05062705232089586   |
 -----------------------------------------------------------------------------
|           38            |  0.049222374864039714   |  0.049266603562415946   |
 -----------------------------------------------------------------------------
|           39            |   0.04788582843080845   |   0.04797402445567219   |
 -----------------------------------------------------------------------------
|           40            |   0.04661581439593994   |   0.04674507093632639   |
 -----------------------------------------------------------------------------
|           41            |   0.04540821697564009   |   0.04557581108398446   |
 -----------------------------------------------------------------------------
|           42            |   0.04425921904858252   |  0.044462599672696085   |
 -----------------------------------------------------------------------------
|           43            |  0.043165278075311335   |   0.04340205492128122   |
 -----------------------------------------------------------------------------
|           44            |   0.04212310408334674   |   0.04239103724739259   |
 -----------------------------------------------------------------------------
|           45            |   0.04112963953473859   |   0.04142662984697556   |
 -----------------------------------------------------------------------------
|           46            |   0.04018204090935437   |  0.040506120936919396   |
 -----------------------------------------------------------------------------
|           47            |  0.039277661852223034   |  0.039626987513355756   |
 -----------------------------------------------------------------------------
|           48            |   0.03841403774692316   |   0.03878688049138516   |
 -----------------------------------------------------------------------------
|           49            |  0.037588871589427426   |  0.037983611104123786   |
 -----------------------------------------------------------------------------
|           50            |   0.03680002104810882   |  0.037215138449970604   |
 -----------------------------------------------------------------------------
|           51            |  0.036045486605881964   |  0.036479558087001214   |
 -----------------------------------------------------------------------------
|           52            |   0.03532340068978728   |   0.03577509158249004   |
 -----------------------------------------------------------------------------
|           53            |   0.0346320177018131    |   0.03510007693383127   |
 -----------------------------------------------------------------------------
|           54            |   0.03396970487246827   |  0.034452959784645215   |
 -----------------------------------------------------------------------------
|           55            |   0.03333493386563485   |   0.03383228536669121   |
 -----------------------------------------------------------------------------
|           56            |   0.0327262730696125    |   0.03323669110442118   |
 -----------------------------------------------------------------------------
|           57            |   0.03214238051506924   |  0.032664899824657916   |
 -----------------------------------------------------------------------------
|           58            |   0.03158199736589235   |   0.03211571351901929   |
 -----------------------------------------------------------------------------
|           59            |   0.03104394193373354   |  0.031588007611381405   |
 -----------------------------------------------------------------------------
|           60            |  0.030527104171410663   |  0.031080725686922377   |
 -----------------------------------------------------------------------------
|           61            |   0.03003044060430045   |  0.030592874643152947   |
 -----------------------------------------------------------------------------
|           62            |   0.02955296966247194   |  0.030123520226854446   |
 -----------------------------------------------------------------------------
|           63            |  0.029093767379598914   |   0.02967178292404262   |
 -----------------------------------------------------------------------------
|           64            |  0.028651963427682368   |  0.029236834172983985   |
 -----------------------------------------------------------------------------
|           65            |   0.02822673745933761   |  0.028817892872938018   |
 -----------------------------------------------------------------------------
|           66            |  0.027817315731879403   |   0.0284142221637066    |
 -----------------------------------------------------------------------------
|           67            |   0.02742296798969486   |  0.028025126453262824   |
 -----------------------------------------------------------------------------
|           68            |   0.02704300458344774   |  0.027649948672726223   |
 -----------------------------------------------------------------------------
|           69            |  0.026676773806527998   |   0.02728806773976594   |
 -----------------------------------------------------------------------------
|           70            |   0.02632365943086313   |   0.02693889621316595   |
 -----------------------------------------------------------------------------
|           71            |   0.02598307842575869   |  0.026601878122790728   |
 -----------------------------------------------------------------------------
|           72            |  0.025654478844847593   |  0.026276486960558988   |
 -----------------------------------------------------------------------------
|           73            |  0.025337337867514662   |  0.025962223819280955   |
 -----------------------------------------------------------------------------
|           74            |   0.02503115998233472   |  0.025658615667349925   |
 -----------------------------------------------------------------------------
|           75            |  0.024735475301130985   |  0.025365213748313964   |
 -----------------------------------------------------------------------------
|           76            |  0.024449837993233588   |  0.025081592095296194   |
 -----------------------------------------------------------------------------
|           77            |  0.024173824830405522   |   0.0248073461510908    |
 -----------------------------------------------------------------------------
|           78            |  0.023907033833712198   |   0.0245420914855449    |
 -----------------------------------------------------------------------------
|           79            |   0.02364908301434816   |  0.024285462602549716   |
 -----------------------------------------------------------------------------
|           80            |   0.02339960920110747   |   0.02403711182961496   |
 -----------------------------------------------------------------------------
|           81            |   0.02315826694779763   |   0.02379670828359335   |
 -----------------------------------------------------------------------------
|           82            |  0.022924727514456858   |   0.02356393690666315   |
 -----------------------------------------------------------------------------
|           83            |  0.022698677916745465   |  0.023338497567169873   |
 -----------------------------------------------------------------------------
|           84            |   0.02247982003834824   |   0.02312010422037849   |
 -----------------------------------------------------------------------------
|           85            |   0.0222678698016507    |  0.022908484124598286   |
 -----------------------------------------------------------------------------
|           86            |  0.022062556392340914   |  0.022703377108517508   |
 -----------------------------------------------------------------------------
|           87            |  0.021863621533943372   |  0.022504534885927133   |
 -----------------------------------------------------------------------------
|           88            |   0.02167081880861651   |   0.02231172041432602   |
 -----------------------------------------------------------------------------
|           89            |  0.021483913020841516   |  0.022124707294185045   |
 -----------------------------------------------------------------------------
|           90            |   0.02130267960090154   |  0.021943279205908908   |
 -----------------------------------------------------------------------------
|           91            |  0.021126904045298243   |   0.02176722938177296   |
 -----------------------------------------------------------------------------
|           92            |  0.020956381391479477   |   0.02159636011033015   |
 -----------------------------------------------------------------------------
|           93            |  0.020790915724459406   |  0.021430482270983004   |
 -----------------------------------------------------------------------------
|           94            |  0.020630319713102425   |   0.02126941489659772   |
 -----------------------------------------------------------------------------
|           95            |  0.020474414174016166   |  0.021112984762204672   |
 -----------------------------------------------------------------------------
|           96            |   0.02032302766115819   |  0.020961025997982267   |
 -----------------------------------------------------------------------------
|           97            |   0.02017599607940711   |  0.020813379724861324   |
 -----------------------------------------------------------------------------
|           98            |  0.020033162320482523   |  0.020669893711215144   |
 -----------------------------------------------------------------------------
|           99            |  0.019894375919721177   |  0.020530422049218244   |
 -----------------------------------------------------------------------------
|           100           |  0.019759492732329124   |  0.020394824849564255   |
 -----------------------------------------------------------------------------
|           101           |  0.019628374627833158   |   0.02026296795333252   |
 -----------------------------------------------------------------------------
|           102           |   0.0195008892015496    |   0.0201347226598835    |
 -----------------------------------------------------------------------------
|           103           |  0.019376909501975844   |   0.02000996546974639   |
 -----------------------------------------------------------------------------
|           104           |   0.01925631377308997   |   0.01988857784153895   |
 -----------------------------------------------------------------------------
|           105           |  0.019138985210617555   |  0.019770445962029495   |
 -----------------------------------------------------------------------------
|           106           |   0.01902481173139252   |  0.019655460528516053   |
 -----------------------------------------------------------------------------
|           107           |   0.01891368575500122   |   0.01954351654275657   |
 -----------------------------------------------------------------------------
|           108           |  0.018805503996956362   |  0.019434513115739193   |
 -----------------------------------------------------------------------------
|           109           |   0.01870016727270032   |  0.019328353282631633   |
 -----------------------------------------------------------------------------
|           110           |  0.018597580311786103   |  0.019224943827295178   |
 -----------------------------------------------------------------------------
|           111           |  0.018497651581629245   |  0.019124195115791512   |
 -----------------------------------------------------------------------------
