 -----------------------------------------------------------------------------
|          CICLE          |   MEAN TRAINING ERROR   |  MEAN VALIDATION ERROR  |
 -----------------------------------------------------------------------------
|            1            |   0.31404707576452057   |   0.3018830342050038    |
 -----------------------------------------------------------------------------
|            2            |   0.1920889415451041    |   0.18828006717981594   |
 -----------------------------------------------------------------------------
|            3            |   0.18095613457059687   |   0.17849117755224064   |
 -----------------------------------------------------------------------------
|            4            |    0.172840964271796    |   0.1707643604130438    |
 -----------------------------------------------------------------------------
|            5            |   0.16531733129690132   |    0.163476971498965    |
 -----------------------------------------------------------------------------
|            6            |   0.15829008518958632   |   0.15665025413214592   |
 -----------------------------------------------------------------------------
|            7            |   0.15171911472215593   |   0.15026203761968118   |
 -----------------------------------------------------------------------------
|            8            |   0.14556877400106416   |   0.14428023063180906   |
 -----------------------------------------------------------------------------
|            9            |   0.13980647706338828   |   0.13867363347111256   |
 -----------------------------------------------------------------------------
|           10            |   0.13440240429642442   |   0.13341342992118418   |
 -----------------------------------------------------------------------------
|           11            |   0.1293292571175634    |   0.12847320750715308   |
 -----------------------------------------------------------------------------
|           12            |   0.12456203526921579   |   0.12382877843552705   |
 -----------------------------------------------------------------------------
|           13            |   0.12007783420036176   |   0.11945798785915798   |
 -----------------------------------------------------------------------------
|           14            |   0.11585566069620494   |   0.11534053523767114   |
 -----------------------------------------------------------------------------
|           15            |   0.11187626509563829   |   0.11145781119025484   |
 -----------------------------------------------------------------------------
|           16            |   0.1081219885882234    |   0.10779274895356628   |
 -----------------------------------------------------------------------------
|           17            |   0.10457662422023496   |   0.10432968919178666   |
 -----------------------------------------------------------------------------
|           18            |   0.10122529036453527   |   0.10105425695528422   |
 -----------------------------------------------------------------------------
|           19            |   0.09805431552279036   |   0.09795324968489166   |
 -----------------------------------------------------------------------------
|           20            |   0.0950511334318641    |   0.09501453525824956   |
 -----------------------------------------------------------------------------
|           21            |   0.09220418754009188   |   0.0922269591661833    |
 -----------------------------------------------------------------------------
|           22            |   0.0895028440044039    |   0.08958025999038455   |
 -----------------------------------------------------------------------------
|           23            |   0.08693731243673034   |   0.08706499242936207   |
 -----------------------------------------------------------------------------
|           24            |   0.08449857369849295   |   0.08467245718839239   |
 -----------------------------------------------------------------------------
|           25            |   0.08217831410591703   |   0.0823946371116648    |
 -----------------------------------------------------------------------------
|           26            |   0.07996886546697969   |   0.08022413899156194   |
 -----------------------------------------------------------------------------
|           27            |   0.07786315042357572   |   0.0781541405415644    |
 -----------------------------------------------------------------------------
|           28            |   0.07585463262042277   |   0.0761783420660968    |
 -----------------------------------------------------------------------------
|           29            |   0.07393727126578258   |   0.07429092240317553   |
 -----------------------------------------------------------------------------
|           30            |   0.07210547968864758   |   0.07248649875436555   |
 -----------------------------------------------------------------------------
|           31            |   0.07035408753299771   |   0.07076009005166627   |
 -----------------------------------------------------------------------------
|           32            |   0.06867830626240026   |   0.06910708354284475   |
 -----------------------------------------------------------------------------
|           33            |   0.06707369767791062   |   0.06752320430571691   |
 -----------------------------------------------------------------------------
|           34            |   0.06553614517920209   |   0.06600448742820697   |
 -----------------------------------------------------------------------------
|           35            |   0.06406182752336409   |   0.06454725261494061   |
 -----------------------------------------------------------------------------
|           36            |   0.06264719485807678   |   0.06314808100286257   |
 -----------------------------------------------------------------------------
|           37            |   0.06128894682611051   |  0.061803793988120505   |
 -----------------------------------------------------------------------------
|           38            |   0.05998401255648912   |   0.06051143388440304   |
 -----------------------------------------------------------------------------
|           39            |   0.05872953237437041   |   0.05926824624922634   |
 -----------------------------------------------------------------------------
|           40            |   0.05752284107688763   |  0.058071663729482255   |
 -----------------------------------------------------------------------------
|           41            |   0.05636145263600075   |   0.05691929129102606   |
 -----------------------------------------------------------------------------
|           42            |   0.05524304620195407   |   0.05580889270931922   |
 -----------------------------------------------------------------------------
|           43            |  0.054165453292341535   |   0.05473837820926288   |
 -----------------------------------------------------------------------------
|           44            |  0.053126646062147564   |   0.05370579315246488   |
 -----------------------------------------------------------------------------
|           45            |  0.052124726559553906   |   0.05270930767936885   |
 -----------------------------------------------------------------------------
|           46            |  0.051157916880869896   |  0.051747207222022085   |
 -----------------------------------------------------------------------------
|           47            |   0.05022455014572935   |   0.05081788381084836   |
 -----------------------------------------------------------------------------
|           48            |   0.04932306222077835   |   0.04991982810568876   |
 -----------------------------------------------------------------------------
|           49            |  0.048451984126513685   |   0.04905162208764449   |
 -----------------------------------------------------------------------------
|           50            |  0.047609935067784694   |   0.04821193235395533   |
 -----------------------------------------------------------------------------
|           51            |   0.04679561603379274   |   0.04739950396332959   |
 -----------------------------------------------------------------------------
|           52            |   0.04600780391826116   |   0.04661315478385294   |
 -----------------------------------------------------------------------------
|           53            |   0.0452453461148499    |  0.045851770299886754   |
 -----------------------------------------------------------------------------
|           54            |   0.0445071555468905    |   0.04511429883826211   |
 -----------------------------------------------------------------------------
|           55            |  0.043792206094158036   |   0.04439974717761723   |
 -----------------------------------------------------------------------------
|           56            |  0.043099528382707086   |  0.043707176507947344   |
 -----------------------------------------------------------------------------
|           57            |   0.04242820590681122   |  0.043035698710365285   |
 -----------------------------------------------------------------------------
|           58            |  0.041777371454785224   |   0.04238447292973557   |
 -----------------------------------------------------------------------------
|           59            |   0.04114620381296305   |   0.04175270241526846   |
 -----------------------------------------------------------------------------
|           60            |   0.04053392472437201   |  0.041139631606365024   |
 -----------------------------------------------------------------------------
|           61            |   0.03993979608070888   |   0.04054454344300999   |
 -----------------------------------------------------------------------------
|           62            |   0.03936311732810175   |   0.03996675688183448   |
 -----------------------------------------------------------------------------
|           63            |   0.03880322306885154   |  0.039405624600630705   |
 -----------------------------------------------------------------------------
|           64            |  0.038259480842903766   |   0.03886053087561267   |
 -----------------------------------------------------------------------------
|           65            |   0.03773128907421803   |   0.0383308896170915    |
 -----------------------------------------------------------------------------
|           66            |   0.03721807516849291   |  0.037816142550486834   |
 -----------------------------------------------------------------------------
|           67            |   0.03671929374987917   |  0.037315757530734545   |
 -----------------------------------------------------------------------------
|           68            |   0.03623442502538362   |   0.03682922697918938   |
 -----------------------------------------------------------------------------
|           69            |   0.03576297326664124   |  0.036356066433065534   |
 -----------------------------------------------------------------------------
|           70            |  0.035304465399620684   |   0.0358958131983188    |
 -----------------------------------------------------------------------------
|           71            |   0.03485844969363735   |   0.03544802509765769   |
 -----------------------------------------------------------------------------
|           72            |   0.03442449454178538   |  0.035012279306084804   |
 -----------------------------------------------------------------------------
|           73            |   0.03400218732557214   |   0.03458817126702024   |
 -----------------------------------------------------------------------------
|           74            |   0.03359113335715071   |   0.03417531368265165   |
 -----------------------------------------------------------------------------
|           75            |   0.03319095489310486   |   0.03377333557269571   |
 -----------------------------------------------------------------------------
|           76            |  0.032801290214250205   |   0.03338188139624834   |
 -----------------------------------------------------------------------------
|           77            |  0.032421792766379166   |   0.03300061023184995   |
 -----------------------------------------------------------------------------
|           78            |  0.032052130357302096   |   0.03262919501130146   |
 -----------------------------------------------------------------------------
|           79            |   0.03169198440592271   |   0.03226732180314056   |
 -----------------------------------------------------------------------------
|           80            |  0.031341049239439436   |  0.031914689142027906   |
 -----------------------------------------------------------------------------
|           81            |   0.03099903143508621   |   0.03157100740060435   |
 -----------------------------------------------------------------------------
|           82            |  0.030665649203120662   |   0.03123599820066401   |
 -----------------------------------------------------------------------------
|           83            |  0.030340631808036016   |  0.030909393860746658   |
 -----------------------------------------------------------------------------
|           84            |  0.030023719025218974   |  0.030590936877490205   |
 -----------------------------------------------------------------------------
|           85            |  0.029714660630499743   |  0.030280379438299417   |
 -----------------------------------------------------------------------------
|           86            |  0.029413215920245695   |   0.02997748296308506   |
 -----------------------------------------------------------------------------
|           87            |  0.029119153259837757   |  0.029682017673007714   |
 -----------------------------------------------------------------------------
|           88            |  0.028832249658539772   |  0.029393762184325774   |
 -----------------------------------------------------------------------------
|           89            |  0.028552290368928455   |  0.029112503125597745   |
 -----------------------------------------------------------------------------
|           90            |   0.02827906850919488   |  0.028838034776627212   |
 -----------------------------------------------------------------------------
|           91            |  0.028012384706760093   |  0.028570158727664996   |
 -----------------------------------------------------------------------------
|           92            |  0.027752046761767835   |   0.02830868355749868   |
 -----------------------------------------------------------------------------
|           93            |  0.027497869329127834   |  0.028053424529165618   |
 -----------------------------------------------------------------------------
|           94            |  0.027249673617884065   |   0.02780420330212238   |
 -----------------------------------------------------------------------------
|           95            |  0.027007287106775392   |   0.02756084765979263   |
 -----------------------------------------------------------------------------
|           96            |   0.0267705432749409    |   0.02732319125149685   |
 -----------------------------------------------------------------------------
|           97            |   0.02653928134680052   |  0.027091073347842155   |
 -----------------------------------------------------------------------------
|           98            |  0.026313346050212877   |   0.02686433860871876   |
 -----------------------------------------------------------------------------
|           99            |   0.02609258738707871   |  0.026642836863113122   |
 -----------------------------------------------------------------------------
|           100           |  0.025876860415618135   |  0.026426422900004957   |
 -----------------------------------------------------------------------------
|           101           |  0.025666025043606107   |   0.02621495626966918   |
 -----------------------------------------------------------------------------
|           102           |   0.0254599458319014    |   0.02600830109475197   |
 -----------------------------------------------------------------------------
|           103           |   0.0252584918076516    |  0.025806325890535626   |
 -----------------------------------------------------------------------------
|           104           |  0.025061536286599923   |  0.025608903393847894   |
 -----------------------------------------------------------------------------
|           105           |   0.0248689567039597    |  0.025415910400109713   |
 -----------------------------------------------------------------------------
|           106           |   0.02468063445335916   |   0.02522722760805021   |
 -----------------------------------------------------------------------------
|           107           |   0.0244964547333931    |  0.025042739471650262   |
 -----------------------------------------------------------------------------
|           108           |  0.024316306401349408   |  0.024862334058905665   |
 -----------------------------------------------------------------------------
|           109           |   0.02414008183370732   |   0.02468590291702842   |
 -----------------------------------------------------------------------------
|           110           |   0.02396767679303104   |  0.024513340943730137   |
 -----------------------------------------------------------------------------
|           111           |   0.0237989903009071    |  0.024344546264255036   |
 -----------------------------------------------------------------------------
|           112           |  0.023633924516596672   |  0.024179420113851505   |
 -----------------------------------------------------------------------------
|           113           |   0.02347238462109513   |   0.02401786672539154   |
 -----------------------------------------------------------------------------
|           114           |  0.023314278706311035   |   0.02385979322186578   |
 -----------------------------------------------------------------------------
|           115           |  0.023159517669094392   |  0.023705109513499013   |
 -----------------------------------------------------------------------------
|           116           |  0.023008015109861505   |   0.0235537281992472    |
 -----------------------------------------------------------------------------
|           117           |  0.022859687235578737   |   0.02340556447245162   |
 -----------------------------------------------------------------------------
|           118           |  0.022714452766882526   |   0.02326053603043951   |
 -----------------------------------------------------------------------------
|           119           |  0.022572232849126114   |  0.023118562987873497   |
 -----------------------------------------------------------------------------
|           120           |  0.022432950967156338   |  0.022979567793663717   |
 -----------------------------------------------------------------------------
|           121           |  0.022296532863635036   |  0.022843475151267688   |
 -----------------------------------------------------------------------------
|           122           |  0.022162906460730974   |   0.02271021194221323   |
 -----------------------------------------------------------------------------
|           123           |  0.022032001785018043   |  0.022579707152689227   |
 -----------------------------------------------------------------------------
|           124           |   0.02190375089542487   |   0.02245189180305802   |
 -----------------------------------------------------------------------------
|           125           |  0.021778087814090016   |  0.022326698880151354   |
 -----------------------------------------------------------------------------
|           126           |  0.021654948459984887   |   0.02220406327221978   |
 -----------------------------------------------------------------------------
|           127           |  0.021534270585174445   |   0.02208392170641241   |
 -----------------------------------------------------------------------------
|           128           |   0.02141599371359265   |  0.021966212688670852   |
 -----------------------------------------------------------------------------
|           129           |   0.02130005908221664   |  0.021850876445927387   |
 -----------------------------------------------------------------------------
|           130           |   0.02118640958452962   |  0.021737854870503424   |
 -----------------------------------------------------------------------------
|           131           |  0.021074989716168568   |  0.021627091466609752   |
 -----------------------------------------------------------------------------
|           132           |  0.020965745522658175   |  0.021518531298855326   |
 -----------------------------------------------------------------------------
|           133           |   0.02085862454913784   |   0.02141212094267628   |
 -----------------------------------------------------------------------------
|           134           |  0.020753575791993124   |   0.02130780843660121   |
 -----------------------------------------------------------------------------
|           135           |  0.020650549652307965   |  0.021205543236273373   |
 -----------------------------------------------------------------------------
|           136           |   0.02054949789105789   |  0.021105276170154164   |
 -----------------------------------------------------------------------------
|           137           |   0.02045037358596882   |   0.02100695939683633   |
 -----------------------------------------------------------------------------
|           138           |   0.02035313108996957   |   0.02091054636389863   |
 -----------------------------------------------------------------------------
|           139           |    0.02025772599117     |   0.02081599176823734   |
 -----------------------------------------------------------------------------
|           140           |   0.02016411507429988   |  0.020723251517812923   |
 -----------------------------------------------------------------------------
|           141           |  0.020072256283546912   |  0.020632282694753253   |
 -----------------------------------------------------------------------------
|           142           |  0.019982108686735216   |   0.02054304351975769   |
 -----------------------------------------------------------------------------
|           143           |  0.019893632440788473   |   0.02045549331774872   |
 -----------------------------------------------------------------------------
|           144           |  0.019806788758424575   |  0.020369592484720752   |
 -----------------------------------------------------------------------------
|           145           |  0.019721539876031147   |  0.020285302455737564   |
 -----------------------------------------------------------------------------
|           146           |  0.019637849022673706   |   0.0202025856740327    |
 -----------------------------------------------------------------------------
|           147           |  0.019555680390190462   |  0.020121405561168617   |
 -----------------------------------------------------------------------------
|           148           |   0.01947499910432987   |  0.020041726488212994   |
 -----------------------------------------------------------------------------
|           149           |   0.01939577119688917   |   0.01996351374789205   |
 -----------------------------------------------------------------------------
|           150           |  0.019317963578813904   |   0.01988673352768275   |
 -----------------------------------------------------------------------------
|           151           |  0.019241544014220367   |  0.019811352883807514   |
 -----------------------------------------------------------------------------
|           152           |  0.019166481095304593   |   0.0197373397160965    |
 -----------------------------------------------------------------------------
|           153           |   0.01909274421810306   |  0.019664662743684214   |
 -----------------------------------------------------------------------------
|           154           |  0.019020303559071996   |   0.01959329148150859   |
 -----------------------------------------------------------------------------
|           155           |  0.018949130052453456   |   0.01952319621758211   |
 -----------------------------------------------------------------------------
|           156           |   0.0188791953683979    |  0.019454347991005854   |
 -----------------------------------------------------------------------------
|           157           |  0.018810471891814208   |  0.019386718570698507   |
 -----------------------------------------------------------------------------
|           158           |  0.018742932701919367   |   0.01932028043481376   |
 -----------------------------------------------------------------------------
|           159           |  0.018676551552461344   |   0.01925500675082048   |
 -----------------------------------------------------------------------------
|           160           |   0.01861130285258964   |  0.019190871356221186   |
 -----------------------------------------------------------------------------
|           161           |   0.01854716164834924   |  0.019127848739885395   |
 -----------------------------------------------------------------------------
|           162           |  0.018484103604774663   |  0.019065914023975346   |
 -----------------------------------------------------------------------------
|           163           |   0.01842210498856179   |  0.019005042946442643   |
 -----------------------------------------------------------------------------
|           164           |  0.018361142651296104   |  0.018945211844075042   |
 -----------------------------------------------------------------------------
|           165           |  0.018301194013216806   |   0.01888639763607371   |
 -----------------------------------------------------------------------------
|           166           |   0.01824223704749729   |   0.01882857780814188   |
 -----------------------------------------------------------------------------
|           167           |  0.018184250265023034   |   0.01877173039706671   |
 -----------------------------------------------------------------------------
|           168           |  0.018127212699648954   |   0.0187158339757769    |
 -----------------------------------------------------------------------------
|           169           |  0.018071103893918847   |   0.01866086763885919   |
 -----------------------------------------------------------------------------
|           170           |   0.0180159038852304    |   0.01860681098851773   |
 -----------------------------------------------------------------------------
|           171           |  0.017961593192429744   |  0.018553644120960784   |
 -----------------------------------------------------------------------------
|           172           |   0.01790815280282038   |  0.018501347613199947   |
 -----------------------------------------------------------------------------
|           173           |   0.01785556415957169   |  0.018449902510247557   |
 -----------------------------------------------------------------------------
|           174           |   0.01780380914951305   |  0.018399290312698668   |
 -----------------------------------------------------------------------------
|           175           |  0.017752870091299968   |   0.01834949296468429   |
 -----------------------------------------------------------------------------
|           176           |  0.017702729723939242   |  0.018300492842183345   |
 -----------------------------------------------------------------------------
|           177           |  0.017653371195660766   |   0.01825227274168108   |
 -----------------------------------------------------------------------------
|           178           |  0.017604778053123833   |  0.018204815869162273   |
 -----------------------------------------------------------------------------
|           179           |   0.0175569342309466    |  0.018158105829427902   |
 -----------------------------------------------------------------------------
|           180           |  0.017509824041547474   |   0.01811212661572457   |
 -----------------------------------------------------------------------------
|           181           |  0.017463432165287954   |  0.018066862599676138   |
 -----------------------------------------------------------------------------
|           182           |   0.01741774364090653   |   0.01802229852150756   |
 -----------------------------------------------------------------------------
|           183           |   0.0173727438562339    |   0.01797841948055136   |
 -----------------------------------------------------------------------------
|           184           |  0.017328418539180067   |   0.01793521092602737   |
 -----------------------------------------------------------------------------
|           185           |   0.01728475374898413   |  0.017892658648086753   |
 -----------------------------------------------------------------------------
|           186           |  0.017241735867718058   |   0.01785074876911185   |
 -----------------------------------------------------------------------------
|           187           |   0.01719935159203604   |  0.017809467735263363   |
 -----------------------------------------------------------------------------
|           188           |   0.01715758792516128   |  0.017768802308267065   |
 -----------------------------------------------------------------------------
|           189           |   0.01711643216910243   |   0.01772873955743219   |
 -----------------------------------------------------------------------------
|           190           |  0.017075871917092138   |   0.0176892668518942    |
 -----------------------------------------------------------------------------
|           191           |  0.017035895046240535   |   0.01765037185307467   |
 -----------------------------------------------------------------------------
|           192           |  0.016996489710396582   |  0.017612042507351544   |
 -----------------------------------------------------------------------------
|           193           |   0.01695764433321069   |  0.017574267038932966   |
 -----------------------------------------------------------------------------
|           194           |  0.016919347601392062   |   0.01753703394292841   |
 -----------------------------------------------------------------------------
|           195           |   0.01688158845815455   |   0.01750033197861081   |
 -----------------------------------------------------------------------------
|           196           |   0.01684435609684503   |  0.017464150162863918   |
 -----------------------------------------------------------------------------
|           197           |  0.016807639954748512   |  0.017428477763808892   |
 -----------------------------------------------------------------------------
|           198           |  0.016771429707064394   |  0.017393304294604804   |
 -----------------------------------------------------------------------------
|           199           |  0.016735715261048497   |  0.017358619507417586   |
 -----------------------------------------------------------------------------
|           200           |   0.01670048675031565   |  0.017324413387552296   |
 -----------------------------------------------------------------------------
|           201           |  0.016665734529297933   |  0.017290676147743718   |
 -----------------------------------------------------------------------------
|           202           |   0.0166314491678536    |   0.01725739822260047   |
 -----------------------------------------------------------------------------
|           203           |   0.01659762144602215   |  0.017224570263197996   |
 -----------------------------------------------------------------------------
|           204           |  0.016564242348921024   |  0.017192183131815936   |
 -----------------------------------------------------------------------------
|           205           |   0.01653130306177955   |  0.017160227896815598   |
 -----------------------------------------------------------------------------
|           206           |   0.01649879496510602   |   0.01712869582765322   |
 -----------------------------------------------------------------------------
|           207           |  0.016466709629983804   |   0.01709757839002516   |
 -----------------------------------------------------------------------------
|           208           |  0.016435038813492637   |  0.017066867241140943   |
 -----------------------------------------------------------------------------
|           209           |   0.01640377445425132   |   0.01703655422512049   |
 -----------------------------------------------------------------------------
|           210           |   0.01637290866807815   |   0.01700663136851184   |
 -----------------------------------------------------------------------------
|           211           |   0.01634243374376564   |   0.01697709087592585   |
 -----------------------------------------------------------------------------
|           212           |   0.01631234213896607   |  0.016947925125784448   |
 -----------------------------------------------------------------------------
|           213           |   0.01628262647618464   |  0.016919126666179184   |
 -----------------------------------------------------------------------------
|           214           |  0.016253279538877032   |  0.016890688210836842   |
 -----------------------------------------------------------------------------
|           215           |  0.016224294267648313   |  0.016862602635189027   |
 -----------------------------------------------------------------------------
|           216           |  0.016195663756550252   |   0.0168348629725428    |
 -----------------------------------------------------------------------------
|           217           |   0.01616738124947417   |  0.016807462410349413   |
 -----------------------------------------------------------------------------
|           218           |  0.016139440136636523   |   0.01678039428656838   |
 -----------------------------------------------------------------------------
|           219           |   0.01611183395115465   |   0.0167536520861242    |
 -----------------------------------------------------------------------------
|           220           |   0.01608455636570994   |   0.01672722943745303   |
 -----------------------------------------------------------------------------
|           221           |   0.01605760118929607   |  0.016701120109136904   |
 -----------------------------------------------------------------------------
|           222           |   0.01603096236404979   |  0.016675318006622943   |
 -----------------------------------------------------------------------------
|           223           |  0.016004633962161948   |   0.0166498171690252    |
 -----------------------------------------------------------------------------
|           224           |  0.015978610182866507   |  0.016624611766006898   |
 -----------------------------------------------------------------------------
|           225           |  0.015952885349505324   |  0.016599696094740737   |
 -----------------------------------------------------------------------------
|           226           |  0.015927453906666562   |   0.01657506457694522   |
 -----------------------------------------------------------------------------
|           227           |   0.01590231041739473   |  0.016550711755994808   |
 -----------------------------------------------------------------------------
|           228           |  0.015877449560470318   |  0.016526632294101944   |
 -----------------------------------------------------------------------------
|           229           |   0.01585286612775708   |   0.01650282096956894   |
 -----------------------------------------------------------------------------
|           230           |   0.01582855502161516   |  0.016479272674107877   |
 -----------------------------------------------------------------------------
|           231           |  0.015804511252378174   |   0.01645598241022661   |
 -----------------------------------------------------------------------------
|           232           |   0.01578072993589259   |   0.01643294528867914   |
 -----------------------------------------------------------------------------
|           233           |  0.015757206291117577   |   0.01641015652597856   |
 -----------------------------------------------------------------------------
|           234           |   0.01573393563778382   |  0.016387611441970998   |
 -----------------------------------------------------------------------------
|           235           |   0.01571091339410959   |   0.01636530545746879   |
 -----------------------------------------------------------------------------
|           236           |   0.01568813507457258   |  0.016343234091941418   |
 -----------------------------------------------------------------------------
|           237           |   0.01566559628773602   |  0.016321392961262608   |
 -----------------------------------------------------------------------------
|           238           |  0.015643292734127533   |   0.01629977777551212   |
 -----------------------------------------------------------------------------
|           239           |  0.015621220204169449   |   0.0162783843368308    |
 -----------------------------------------------------------------------------
|           240           |  0.015599374576159059   |   0.01625720853732747   |
 -----------------------------------------------------------------------------
|           241           |  0.015577751814297663   |   0.01623624635703629   |
 -----------------------------------------------------------------------------
|           242           |  0.015556347966766913   |  0.016215493861923305   |
 -----------------------------------------------------------------------------
|           243           |  0.015535159163851413   |  0.016194947201940865   |
 -----------------------------------------------------------------------------
|           244           |   0.01551418161610618   |  0.016174602609128667   |
 -----------------------------------------------------------------------------
|           245           |  0.015493411612567943   |  0.016154456395760235   |
 -----------------------------------------------------------------------------
|           246           |  0.015472845519009007   |   0.01613450495253365   |
 -----------------------------------------------------------------------------
|           247           |  0.015452479776232696   |   0.0161147447468054    |
 -----------------------------------------------------------------------------
|           248           |  0.015432310898409175   |  0.016095172320866193   |
 -----------------------------------------------------------------------------
|           249           |  0.015412335471450728   |  0.016075784290257748   |
 -----------------------------------------------------------------------------
|           250           |  0.015392550151425361   |   0.01605657734212945   |
 -----------------------------------------------------------------------------
|           251           |  0.015372951663007867   |  0.016037548233633805   |
 -----------------------------------------------------------------------------
|           252           |  0.015353536797967254   |  0.016018693790359896   |
 -----------------------------------------------------------------------------
|           253           |   0.01533430241368976   |  0.016000010904803637   |
 -----------------------------------------------------------------------------
|           254           |  0.015315245431736407   |  0.015981496534874053   |
 -----------------------------------------------------------------------------
|           255           |  0.015296362836434329   |  0.015963147702434663   |
 -----------------------------------------------------------------------------
|           256           |  0.015277651673500953   |  0.015944961491879024   |
 -----------------------------------------------------------------------------
|           257           |  0.015259109048700223   |   0.0159269350487396    |
 -----------------------------------------------------------------------------
|           258           |  0.015240732126530088   |  0.015909065578329162   |
 -----------------------------------------------------------------------------
|           259           |  0.015222518128940415   |   0.01589135034441386   |
 -----------------------------------------------------------------------------
|           260           |  0.015204464334080615   |  0.015873786667917226   |
 -----------------------------------------------------------------------------
|           261           |  0.015186568075076212   |  0.015856371925654252   |
 -----------------------------------------------------------------------------
|           262           |  0.015168826738833664   |  0.015839103549094926   |
 -----------------------------------------------------------------------------
|           263           |  0.015151237764872701   |  0.015821979023156373   |
 -----------------------------------------------------------------------------
|           264           |  0.015133798644185502   |  0.015804995885023005   |
 -----------------------------------------------------------------------------
|           265           |  0.015116506918122111   |  0.015788151722993873   |
 -----------------------------------------------------------------------------
|           266           |   0.01509936017730133   |   0.0157714441753567    |
 -----------------------------------------------------------------------------
|           267           |  0.015082356060546585   |  0.015754870929287772   |
 -----------------------------------------------------------------------------
|           268           |  0.015065492253846081   |  0.015738429719777226   |
 -----------------------------------------------------------------------------
|           269           |   0.01504876648933665   |  0.015722118328578973   |
 -----------------------------------------------------------------------------
|           270           |  0.015032176544310764   |  0.015705934583184755   |
 -----------------------------------------------------------------------------
|           271           |  0.015015720240246113   |   0.01568987635582169   |
 -----------------------------------------------------------------------------
|           272           |   0.01499939544185719   |   0.01567394156247278   |
 -----------------------------------------------------------------------------
|           273           |  0.014983200056168402   |   0.01565812816191979   |
 -----------------------------------------------------------------------------
|           274           |  0.014967132031608113   |  0.015642434154807972   |
 -----------------------------------------------------------------------------
|           275           |  0.014951189357123196   |   0.01562685758273215   |
 -----------------------------------------------------------------------------
|           276           |  0.014935370061313541   |  0.015611396527343543   |
 -----------------------------------------------------------------------------
|           277           |  0.014919672211586047   |  0.015596049109476956   |
 -----------------------------------------------------------------------------
|           278           |  0.014904093913327676   |  0.015580813488297797   |
 -----------------------------------------------------------------------------
|           279           |  0.014888633309097059   |  0.015565687860468393   |
 -----------------------------------------------------------------------------
|           280           |  0.014873288577834246   |  0.015550670459333261   |
 -----------------------------------------------------------------------------
|           281           |  0.014858057934088151   |  0.015535759554122763   |
 -----------------------------------------------------------------------------
|           282           |  0.014842939627261298   |  0.015520953449174799   |
 -----------------------------------------------------------------------------
|           283           |  0.014827931940871402   |  0.015506250483174066   |
 -----------------------------------------------------------------------------
|           284           |  0.014813033191829469   |  0.015491649028408461   |
 -----------------------------------------------------------------------------
|           285           |  0.014798241729733949   |  0.015477147490042259   |
 -----------------------------------------------------------------------------
|           286           |  0.014783555936180607   |  0.015462744305405642   |
 -----------------------------------------------------------------------------
|           287           |  0.014768974224087744   |  0.015448437943300192   |
 -----------------------------------------------------------------------------
|           288           |  0.014754495037036363   |  0.015434226903319997   |
 -----------------------------------------------------------------------------
|           289           |  0.014740116848624992   |  0.015420109715187957   |
 -----------------------------------------------------------------------------
|           290           |  0.014725838161838792   |  0.015406084938107032   |
 -----------------------------------------------------------------------------
|           291           |   0.01471165750843259   |  0.015392151160125923   |
 -----------------------------------------------------------------------------
|           292           |  0.014697573448327565   |  0.015378306997519006   |
 -----------------------------------------------------------------------------
|           293           |  0.014683584569021236   |  0.015364551094180128   |
 -----------------------------------------------------------------------------
|           294           |  0.014669689485010453   |   0.01535088212102987   |
 -----------------------------------------------------------------------------
|           295           |  0.014655886837227072   |  0.015337298775436096   |
 -----------------------------------------------------------------------------
|           296           |  0.014642175292486072   |   0.01532379978064738   |
 -----------------------------------------------------------------------------
|           297           |  0.014628553542945752   |  0.015310383885239049   |
 -----------------------------------------------------------------------------
|           298           |  0.014615020305579792   |  0.015297049862571546   |
 -----------------------------------------------------------------------------
|           299           |  0.014601574321660878   |  0.015283796510260841   |
 -----------------------------------------------------------------------------
|           300           |  0.014588214356255624   |  0.015270622649660582   |
 -----------------------------------------------------------------------------
|           301           |   0.01457493919773054   |   0.01525752712535571   |
 -----------------------------------------------------------------------------
|           302           |  0.014561747657268786   |  0.015244508804667368   |
 -----------------------------------------------------------------------------
|           303           |  0.014548638568397484   |  0.015231566577168688   |
 -----------------------------------------------------------------------------
|           304           |  0.014535610786525288   |  0.015218699354211336   |
 -----------------------------------------------------------------------------
|           305           |  0.014522663188490095   |  0.015205906068462512   |
 -----------------------------------------------------------------------------
|           306           |  0.014509794672116506   |  0.015193185673452174   |
 -----------------------------------------------------------------------------
|           307           |  0.014497004155782978   |  0.015180537143130259   |
 -----------------------------------------------------------------------------
|           308           |  0.014484290577998318   |  0.015167959471433633   |
 -----------------------------------------------------------------------------
|           309           |   0.01447165289698738   |  0.015155451671862647   |
 -----------------------------------------------------------------------------
|           310           |  0.014459090090285742   |   0.01514301277706694   |
 -----------------------------------------------------------------------------
|           311           |   0.01444660115434315   |  0.015130641838440397   |
 -----------------------------------------------------------------------------
|           312           |  0.014434185104135503   |  0.015118337925725003   |
 -----------------------------------------------------------------------------
|           313           |   0.01442184097278528   |  0.015106100126623384   |
 -----------------------------------------------------------------------------
|           314           |   0.01440956781119009   |  0.015093927546419852   |
 -----------------------------------------------------------------------------
|           315           |  0.014397364687659297   |  0.015081819307609764   |
 -----------------------------------------------------------------------------
|           316           |   0.01438523068755839   |  0.015069774549537004   |
 -----------------------------------------------------------------------------
|           317           |   0.01437316491296107   |  0.015057792428039403   |
 -----------------------------------------------------------------------------
|           318           |   0.01436116648230881   |   0.01504587211510189   |
 -----------------------------------------------------------------------------
|           319           |  0.014349234530077661   |  0.015034012798517253   |
 -----------------------------------------------------------------------------
|           320           |  0.014337368206452303   |  0.015022213681554325   |
 -----------------------------------------------------------------------------
|           321           |  0.014325566677006987   |  0.015010473982633358   |
 -----------------------------------------------------------------------------
|           322           |  0.014313829122393396   |  0.014998792935008512   |
 -----------------------------------------------------------------------------
|           323           |   0.01430215473803511   |  0.014987169786457295   |
 -----------------------------------------------------------------------------
|           324           |  0.014290542733828657   |  0.014975603798976696   |
 -----------------------------------------------------------------------------
|           325           |  0.014278992333850918   |  0.014964094248485991   |
 -----------------------------------------------------------------------------
|           326           |  0.014267502776072777   |    0.014952640424536    |
 -----------------------------------------------------------------------------
|           327           |  0.014256073312078898   |  0.014941241630024629   |
 -----------------------------------------------------------------------------
|           328           |  0.014244703206793453   |   0.01492989718091864   |
 -----------------------------------------------------------------------------
|           329           |  0.014233391738211667   |  0.014918606405981446   |
 -----------------------------------------------------------------------------
|           330           |  0.014222138197137118   |  0.014907368646506762   |
 -----------------------------------------------------------------------------
|           331           |  0.014210941886924587   |  0.014896183256058126   |
 -----------------------------------------------------------------------------
|           332           |  0.014199802123228364   |  0.014885049600213952   |
 -----------------------------------------------------------------------------
|           333           |   0.01418871823375591   |  0.014873967056318193   |
 -----------------------------------------------------------------------------
|           334           |   0.01417768955802672   |  0.014862935013236343   |
 -----------------------------------------------------------------------------
|           335           |  0.014166715447136298   |  0.014851952871116743   |
 -----------------------------------------------------------------------------
|           336           |  0.014155795263525133   |  0.014841020041157015   |
 -----------------------------------------------------------------------------
|           337           |   0.01414492838075254   |  0.014830135945375576   |
 -----------------------------------------------------------------------------
|           338           |  0.014134114183275303   |   0.01481930001638804   |
 -----------------------------------------------------------------------------
|           339           |  0.014123352066230948   |  0.014808511697188493   |
 -----------------------------------------------------------------------------
|           340           |  0.014112641435225627   |  0.014797770440935413   |
 -----------------------------------------------------------------------------
|           341           |  0.014101981706126447   |   0.01478707571074227   |
 -----------------------------------------------------------------------------
|           342           |  0.014091372304858164   |  0.014776426979472576   |
 -----------------------------------------------------------------------------
|           343           |  0.014080812667204177   |  0.014765823729539385   |
 -----------------------------------------------------------------------------
|           344           |  0.014070302238611674   |  0.014755265452709075   |
 -----------------------------------------------------------------------------
|           345           |  0.014059840474000877   |  0.014744751649909354   |
 -----------------------------------------------------------------------------
|           346           |  0.014049426837578318   |  0.014734281831041375   |
 -----------------------------------------------------------------------------
|           347           |  0.014039060802653968   |  0.014723855514795924   |
 -----------------------------------------------------------------------------
|           348           |  0.014028741851462256   |  0.014713472228473483   |
 -----------------------------------------------------------------------------
|           349           |  0.014018469474986785   |  0.014703131507808201   |
 -----------------------------------------------------------------------------
|           350           |  0.014008243172788747   |  0.014692832896795611   |
 -----------------------------------------------------------------------------
|           351           |  0.013998062452838906   |   0.01468257594752404   |
 -----------------------------------------------------------------------------
|           352           |  0.013987926831353073   |  0.014672360220009615   |
 -----------------------------------------------------------------------------
|           353           |  0.013977835832631048   |  0.014662185282034808   |
 -----------------------------------------------------------------------------
|           354           |  0.013967788988898881   |  0.014652050708990418   |
 -----------------------------------------------------------------------------
|           355           |  0.013957785840154438   |  0.014641956083720941   |
 -----------------------------------------------------------------------------
|           356           |   0.01394782593401616   |  0.014631900996373208   |
 -----------------------------------------------------------------------------
|           357           |  0.013937908825575001   |  0.014621885044248285   |
 -----------------------------------------------------------------------------
