 -----------------------------------------------------------------------------
|          CICLE          |   MEAN TRAINING ERROR   |  MEAN VALIDATION ERROR  |
 -----------------------------------------------------------------------------
|            1            |   0.30984223115744963   |   0.3089286363723638    |
 -----------------------------------------------------------------------------
|            2            |   0.2627680942655601    |    0.263731738700424    |
 -----------------------------------------------------------------------------
|            3            |   0.2262910783987132    |   0.22652349106499506   |
 -----------------------------------------------------------------------------
|            4            |   0.19447244790448578   |   0.19581569751474237   |
 -----------------------------------------------------------------------------
|            5            |   0.16954949691565172   |   0.1704054455837789    |
 -----------------------------------------------------------------------------
|            6            |   0.14782231222505005   |   0.14931889031254791   |
 -----------------------------------------------------------------------------
|            7            |   0.13061142548502272   |   0.1317665342966073    |
 -----------------------------------------------------------------------------
|            8            |   0.11559942961183364   |   0.11710752513398828   |
 -----------------------------------------------------------------------------
|            9            |   0.10356499754379495   |   0.10482106504730053   |
 -----------------------------------------------------------------------------
|           10            |   0.09304922588962614   |   0.09448345679920371   |
 -----------------------------------------------------------------------------
|           11            |   0.08451059040539133   |   0.08574963461635685   |
 -----------------------------------------------------------------------------
|           12            |   0.07702607251102254   |   0.07833827648672344   |
 -----------------------------------------------------------------------------
|           13            |   0.07086496316931329   |   0.07201978473660824   |
 -----------------------------------------------------------------------------
|           14            |   0.06544038567346841   |   0.0666065695236694    |
 -----------------------------------------------------------------------------
|           15            |   0.06090988183567556   |   0.06194518520829098   |
 -----------------------------------------------------------------------------
|           16            |   0.05689841080674811   |   0.05790996014345618   |
 -----------------------------------------------------------------------------
|           17            |   0.0534975441659632    |   0.05439783194131531   |
 -----------------------------------------------------------------------------
|           18            |  0.050466344275737554   |  0.051324157002680865   |
 -----------------------------------------------------------------------------
|           19            |   0.04785748431307997   |   0.04861930826904828   |
 -----------------------------------------------------------------------------
|           20            |  0.045515299693908016   |  0.046225911249030284   |
 -----------------------------------------------------------------------------
|           21            |   0.04346957810934134   |  0.044096597289145154   |
 -----------------------------------------------------------------------------
|           22            |   0.0416191205716019    |  0.042192176283656825   |
 -----------------------------------------------------------------------------
|           23            |   0.03998030105605324   |   0.04048014970749087   |
 -----------------------------------------------------------------------------
|           24            |   0.03848686792785387   |   0.03893349992073127   |
 -----------------------------------------------------------------------------
|           25            |  0.037147381905895734   |   0.0375297038526275    |
 -----------------------------------------------------------------------------
|           26            |   0.03591812216678726   |   0.03624992899889096   |
 -----------------------------------------------------------------------------
|           27            |  0.034803144118032536   |   0.03507837761376986   |
 -----------------------------------------------------------------------------
|           28            |  0.033773326923658795   |   0.03400175141208288   |
 -----------------------------------------------------------------------------
|           29            |   0.03283017044632892   |   0.03300881430795547   |
 -----------------------------------------------------------------------------
|           30            |   0.03195406751394287   |   0.0320900349409633    |
 -----------------------------------------------------------------------------
|           31            |   0.03114510743327593   |  0.031237294165523188   |
 -----------------------------------------------------------------------------
|           32            |   0.03038992102885517   |  0.030443645457888927   |
 -----------------------------------------------------------------------------
|           33            |   0.02968785530846921   |  0.029703118449871568   |
 -----------------------------------------------------------------------------
|           34            |  0.029029660313941042   |  0.029010557628710954   |
 -----------------------------------------------------------------------------
|           35            |  0.028414326882554637   |  0.028361489728690757   |
 -----------------------------------------------------------------------------
|           36            |  0.027835347420936993   |  0.027752014547130933   |
 -----------------------------------------------------------------------------
|           37            |  0.027291576104866336   |  0.027178714897965466   |
 -----------------------------------------------------------------------------
|           38            |  0.026778348446035685   |  0.026638582212894432   |
 -----------------------------------------------------------------------------
|           39            |  0.026294503428463466   |   0.02612895494768411   |
 -----------------------------------------------------------------------------
|           40            |   0.02583662902694513   |  0.025647467477634033   |
 -----------------------------------------------------------------------------
|           41            |   0.02540361317364586   |   0.02519200759429789   |
 -----------------------------------------------------------------------------
|           42            |   0.02499290589187156   |  0.024760681063706432   |
 -----------------------------------------------------------------------------
|           43            |  0.024603475014670043   |  0.024351781989585108   |
 -----------------------------------------------------------------------------
|           44            |  0.024233372659449373   |  0.023963767955557564   |
 -----------------------------------------------------------------------------
|           45            |  0.023881658614212615   |  0.023595239107958455   |
 -----------------------------------------------------------------------------
|           46            |  0.023546812533610354   |  0.023244920493668848   |
 -----------------------------------------------------------------------------
|           47            |  0.023227987740954935   |  0.022911647091852023   |
 -----------------------------------------------------------------------------
|           48            |  0.022923973059309842   |   0.02259435107989872   |
 -----------------------------------------------------------------------------
|           49            |   0.02263401139029764   |  0.022292050956590263   |
 -----------------------------------------------------------------------------
|           50            |  0.022357119540732794   |  0.022003842212948207   |
 -----------------------------------------------------------------------------
|           51            |  0.022092623358838853   |   0.02172888929629995   |
 -----------------------------------------------------------------------------
|           52            |  0.021839711221816403   |  0.021466418658058064   |
 -----------------------------------------------------------------------------
|           53            |  0.021597784250539678   |  0.021215712712462656   |
 -----------------------------------------------------------------------------
|           54            |  0.021366162607947436   |  0.020976104563595416   |
 -----------------------------------------------------------------------------
|           55            |  0.021144314876838873   |  0.020746973382580792   |
 -----------------------------------------------------------------------------
|           56            |  0.020931664483234993   |   0.02052774033705264   |
 -----------------------------------------------------------------------------
|           57            |   0.02072774000294802   |   0.02031786499150303   |
 -----------------------------------------------------------------------------
|           58            |   0.02053204730833264   |  0.020116842110711693   |
 -----------------------------------------------------------------------------
|           59            |   0.02034416807169891   |  0.019924198809622384   |
 -----------------------------------------------------------------------------
|           60            |  0.020163675130195888   |  0.019739492002228503   |
 -----------------------------------------------------------------------------
|           61            |   0.01999019701747726   |  0.019562306109614305   |
 -----------------------------------------------------------------------------
|           62            |  0.019823361797599998   |  0.019392250993563575   |
 -----------------------------------------------------------------------------
|           63            |  0.019662839302147354   |   0.01922896008733328   |
 -----------------------------------------------------------------------------
|           64            |  0.019508303750675516   |  0.019072088699490432   |
 -----------------------------------------------------------------------------
|           65            |  0.019359461349917565   |  0.018921312470284953   |
 -----------------------------------------------------------------------------
|           66            |   0.01921602533409736   |  0.018776325963009564   |
 -----------------------------------------------------------------------------
|           67            |  0.019077733951960434   |   0.01863684137528518   |
 -----------------------------------------------------------------------------
|           68            |  0.018944333733948358   |   0.01850258735729382   |
 -----------------------------------------------------------------------------
|           69            |  0.018815591168797257   |  0.018373307925731063   |
 -----------------------------------------------------------------------------
|           70            |  0.018691281431821104   |   0.01824876146372472   |
 -----------------------------------------------------------------------------
|           71            |   0.01857119592163449   |  0.018128719798212855   |
 -----------------------------------------------------------------------------
|           72            |   0.01845513462237363   |   0.01801296734733158   |
 -----------------------------------------------------------------------------
|           73            |  0.018342910928057635   |  0.017901300331262998   |
 -----------------------------------------------------------------------------
|           74            |   0.01823434642969766   |  0.017793526040762547   |
 -----------------------------------------------------------------------------
|           75            |  0.018129273966264504   |   0.0176894621582442    |
 -----------------------------------------------------------------------------
|           76            |  0.018027534035286733   |   0.01758893612686972   |
 -----------------------------------------------------------------------------
|           77            |   0.0179289766879286    |  0.017491784563578413   |
 -----------------------------------------------------------------------------
|           78            |  0.017833459030894956   |  0.017397852712419455   |
 -----------------------------------------------------------------------------
|           79            |    0.017740846371478    |  0.017306993934919312   |
 -----------------------------------------------------------------------------
|           80            |   0.01765101045662724   |  0.017219069234540967   |
 -----------------------------------------------------------------------------
|           81            |  0.017563830134430088   |  0.017133946812575757   |
 -----------------------------------------------------------------------------
|           82            |  0.017479190094115575   |   0.01705150165305932   |
 -----------------------------------------------------------------------------
|           83            |  0.017396981218615874   |  0.016971615134524463   |
 -----------------------------------------------------------------------------
|           84            |   0.01731709966747812   |  0.016894174666600353   |
 -----------------------------------------------------------------------------
|           85            |   0.01723944703468393   |  0.016819073349642236   |
 -----------------------------------------------------------------------------
|           86            |  0.017163929668399143   |  0.016746209655732255   |
 -----------------------------------------------------------------------------
|           87            |  0.017090458708424038   |  0.016675487129531628   |
 -----------------------------------------------------------------------------
|           88            |   0.01701894957129015   |  0.016606814107590455   |
 -----------------------------------------------------------------------------
|           89            |  0.016949321915537136   |  0.016540103454834466   |
 -----------------------------------------------------------------------------
|           90            |  0.016881499243728292   |  0.016475272317050465   |
 -----------------------------------------------------------------------------
|           91            |  0.016815408826560598   |  0.016412241888284735   |
 -----------------------------------------------------------------------------
|           92            |  0.016750981388789957   |   0.01635093719215284   |
 -----------------------------------------------------------------------------
|           93            |   0.01668815101191727   |  0.016291286876135624   |
 -----------------------------------------------------------------------------
|           94            |  0.016626854881353917   |   0.01623322301800582   |
 -----------------------------------------------------------------------------
|           95            |  0.016567033180068778   |   0.0161766809435934    |
 -----------------------------------------------------------------------------
|           96            |   0.01650862888128225   |  0.016121599055155693   |
 -----------------------------------------------------------------------------
|           97            |  0.016451587640673018   |   0.01606791866967181   |
 -----------------------------------------------------------------------------
|           98            |   0.01639585762359131   |  0.016015583866429487   |
 -----------------------------------------------------------------------------
|           99            |  0.016341389400329642   |  0.015964541343317453   |
 -----------------------------------------------------------------------------
|           100           |  0.016288135800041088   |  0.015914740281277654   |
 -----------------------------------------------------------------------------
|           101           |  0.016236051811593714   |  0.015866132216409545   |
 -----------------------------------------------------------------------------
|           102           |  0.016185094458564687   |  0.015818670919253736   |
 -----------------------------------------------------------------------------
|           103           |   0.01613522270694064   |   0.01577231228081459   |
 -----------------------------------------------------------------------------
|           104           |  0.016086397357064384   |  0.015727014204911034   |
 -----------------------------------------------------------------------------
|           105           |   0.01603858095866014   |  0.015682736506472665   |
 -----------------------------------------------------------------------------
|           106           |   0.01599173771665748   |  0.015639440815423487   |
 -----------------------------------------------------------------------------
|           107           |   0.01594583341354466   |  0.015597090485819417   |
 -----------------------------------------------------------------------------
|           108           |  0.015900835326731883   |  0.015555650509927466   |
 -----------------------------------------------------------------------------
|           109           |   0.01585671215795859   |  0.015515087436954907   |
 -----------------------------------------------------------------------------
|           110           |   0.01581343396038377   |  0.015475369296155516   |
 -----------------------------------------------------------------------------
|           111           |  0.015770972074622382   |  0.015436465524057471   |
 -----------------------------------------------------------------------------
|           112           |  0.015729299064130824   |  0.015398346895573789   |
 -----------------------------------------------------------------------------
|           113           |   0.0156883886573765    |  0.015360985458771273   |
 -----------------------------------------------------------------------------
|           114           |  0.015648215690366535   |  0.015324354473088091   |
 -----------------------------------------------------------------------------
|           115           |  0.015608756054432505   |  0.015288428350803017   |
 -----------------------------------------------------------------------------
|           116           |  0.015569986644960017   |  0.015253182601571857   |
 -----------------------------------------------------------------------------
|           117           |  0.015531885314278251   |  0.015218593779857684   |
 -----------------------------------------------------------------------------
|           118           |  0.015494430825807846   |   0.01518463943509227   |
 -----------------------------------------------------------------------------
|           119           |   0.01545760281156911   |  0.015151298064415975   |
 -----------------------------------------------------------------------------
|           120           |  0.015421381731089959   |  0.015118549067852574   |
 -----------------------------------------------------------------------------
|           121           |  0.015385748833079724   |   0.01508637270578414   |
 -----------------------------------------------------------------------------
|           122           |  0.015350686118537167   |  0.015054750058599159   |
 -----------------------------------------------------------------------------
|           123           |   0.01531617630617348   |  0.015023662988394618   |
 -----------------------------------------------------------------------------
|           124           |  0.015282202799239752   |   0.01499309410261984   |
 -----------------------------------------------------------------------------
|           125           |   0.01524874965432005   |  0.014963026719556438   |
 -----------------------------------------------------------------------------
|           126           |  0.015215801551462472   |  0.014933444835534954   |
 -----------------------------------------------------------------------------
|           127           |  0.015183343765999514   |  0.014904333093794514   |
 -----------------------------------------------------------------------------
|           128           |  0.015151362141620555   |  0.014875676754897253   |
 -----------------------------------------------------------------------------
|           129           |  0.015119843064910871   |  0.014847461668614382   |
 -----------------------------------------------------------------------------
|           130           |  0.015088773441048578   |  0.014819674247205487   |
 -----------------------------------------------------------------------------
|           131           |  0.015058140670785087   |  0.014792301440017157   |
 -----------------------------------------------------------------------------
|           132           |  0.015027932628487959   |  0.014765330709331148   |
 -----------------------------------------------------------------------------
|           133           |  0.014998137641314352   |  0.014738750007396448   |
 -----------------------------------------------------------------------------
|           134           |  0.014968744469353961   |  0.014712547754582958   |
 -----------------------------------------------------------------------------
|           135           |  0.014939742286773151   |  0.014686712818598346   |
 -----------------------------------------------------------------------------
|           136           |  0.014911120663840462   |  0.014661234494712627   |
 -----------------------------------------------------------------------------
|           137           |  0.014882869549842451   |   0.01463610248693824   |
 -----------------------------------------------------------------------------
|           138           |  0.014854979256798843   |  0.014611306890116202   |
 -----------------------------------------------------------------------------
|           139           |   0.01482744044397213   |  0.014586838172861693   |
 -----------------------------------------------------------------------------
|           140           |   0.01480024410310087   |   0.01456268716132498   |
 -----------------------------------------------------------------------------
|           141           |  0.014773381544343787   |  0.014538845023725874   |
 -----------------------------------------------------------------------------
|           142           |  0.014746844382878547   |  0.014515303255622416   |
 -----------------------------------------------------------------------------
|           143           |  0.014720624526137874   |  0.014492053665876383   |
 -----------------------------------------------------------------------------
|           144           |  0.014694714161637552   |  0.014469088363280373   |
 -----------------------------------------------------------------------------
|           145           |  0.014669105745377036   |  0.014446399743813051   |
 -----------------------------------------------------------------------------
|           146           |  0.014643791990775003   |  0.014423980478490965   |
 -----------------------------------------------------------------------------
|           147           |   0.0146187658581202    |  0.014401823501786969   |
 -----------------------------------------------------------------------------
|           148           |  0.014594020544505792   |   0.01437992200058701   |
 -----------------------------------------------------------------------------
|           149           |  0.014569549474227974   |   0.01435826940365831   |
 -----------------------------------------------------------------------------
|           150           |  0.014545346289621763   |   0.01433685937160368   |
 -----------------------------------------------------------------------------
|           151           |  0.014521404842315538   |  0.014315685787277774   |
 -----------------------------------------------------------------------------
|           152           |  0.014497719184880992   |  0.014294742746642546   |
 -----------------------------------------------------------------------------
|           153           |  0.014474283562861153   |  0.014274024550040187   |
 -----------------------------------------------------------------------------
|           154           |  0.014451092407156252   |  0.014253525693863203   |
 -----------------------------------------------------------------------------
|           155           |  0.014428140326751219   |  0.014233240862602047   |
 -----------------------------------------------------------------------------
|           156           |  0.014405422101767117   |  0.014213164921251962   |
 -----------------------------------------------------------------------------
|           157           |  0.014382932676821667   |  0.014193292908061577   |
 -----------------------------------------------------------------------------
|           158           |  0.014360667154683114   |   0.01417362002760661   |
 -----------------------------------------------------------------------------
|           159           |  0.014338620790203926   |   0.01415414164417301   |
 -----------------------------------------------------------------------------
|           160           |  0.014316788984520344   |  0.014134853275434634   |
 -----------------------------------------------------------------------------
|           161           |  0.014295167279505451   |   0.01411575058641125   |
 -----------------------------------------------------------------------------
|           162           |  0.014273751352463296   |  0.014096829383693447   |
 -----------------------------------------------------------------------------
|           163           |   0.01425253701105289   |  0.014078085609921727   |
 -----------------------------------------------------------------------------
|           164           |  0.014231520188430923   |  0.014059515338507647   |
 -----------------------------------------------------------------------------
|           165           |  0.014210696938603024   |  0.014041114768585486   |
 -----------------------------------------------------------------------------
|           166           |  0.014190063431973595   |   0.01402288022018358   |
 -----------------------------------------------------------------------------
|           167           |  0.014169615951085018   |   0.01400480812960489   |
 -----------------------------------------------------------------------------
|           168           |  0.014149350886537237   |  0.013986895045007004   |
 -----------------------------------------------------------------------------
|           169           |  0.014129264733079386   |  0.013969137622172178   |
 -----------------------------------------------------------------------------
|           170           |   0.01410935408586542   |  0.013951532620458514   |
 -----------------------------------------------------------------------------
|           171           |  0.014089615636866133   |  0.013934076898923873   |
 -----------------------------------------------------------------------------
|           172           |   0.01407004617143037   |   0.01391676741261445   |
 -----------------------------------------------------------------------------
|           173           |  0.014050642564988551   |  0.013899601209010355   |
 -----------------------------------------------------------------------------
|           174           |  0.014031401779891923   |  0.013882575424621011   |
 -----------------------------------------------------------------------------
|           175           |  0.014012320862381444   |  0.013865687281723384   |
 -----------------------------------------------------------------------------
|           176           |   0.01399339693968026   |  0.013848934085236552   |
 -----------------------------------------------------------------------------
|           177           |  0.013974627217204286   |  0.013832313219726293   |
 -----------------------------------------------------------------------------
|           178           |   0.01395600897588543   |  0.013815822146533867   |
 -----------------------------------------------------------------------------
|           179           |   0.01393753956960249   |  0.013799458401023175   |
 -----------------------------------------------------------------------------
|           180           |  0.013919216422714783   |  0.013783219589941132   |
 -----------------------------------------------------------------------------
|           181           |    0.013901037027694    |  0.013767103388885923   |
 -----------------------------------------------------------------------------
|           182           |  0.013882998942849837   |  0.013751107539878425   |
 -----------------------------------------------------------------------------
|           183           |  0.013865099790145273   |  0.013735229849032124   |
 -----------------------------------------------------------------------------
|           184           |  0.013847337253097494   |  0.013719468184317065   |
 -----------------------------------------------------------------------------
|           185           |  0.013829709074760735   |  0.013703820473413708   |
 -----------------------------------------------------------------------------
|           186           |  0.013812213055787385   |   0.01368828470165264   |
 -----------------------------------------------------------------------------
|           187           |  0.013794847052563952   |  0.013672858910036388   |
 -----------------------------------------------------------------------------
|           188           |   0.01377760897541863   |  0.013657541193339605   |
 -----------------------------------------------------------------------------
|           189           |  0.013760496786897381   |  0.013642329698284335   |
 -----------------------------------------------------------------------------
|           190           |  0.013743508500105464   |  0.013627222621786898   |
 -----------------------------------------------------------------------------
|           191           |  0.013726642177111763   |  0.013612218209273384   |
 -----------------------------------------------------------------------------
|           192           |  0.013709895927413028   |  0.013597314753060691   |
 -----------------------------------------------------------------------------
|           193           |  0.013693267906455628   |  0.013582510590800323   |
 -----------------------------------------------------------------------------
|           194           |  0.013676756314212246   |  0.013567804103982157   |
 -----------------------------------------------------------------------------
|           195           |  0.013660359393811288   |  0.013553193716495679   |
 -----------------------------------------------------------------------------
|           196           |  0.013644075430216685   |  0.013538677893246146   |
 -----------------------------------------------------------------------------
|           197           |  0.013627902748956054   |  0.013524255138823386   |
 -----------------------------------------------------------------------------
|           198           |  0.013611839714895107   |  0.013509923996220932   |
 -----------------------------------------------------------------------------
|           199           |  0.013595884731056487   |  0.013495683045603411   |
 -----------------------------------------------------------------------------
|           200           |  0.013580036237481056   |  0.013481530903120086   |
 -----------------------------------------------------------------------------
|           201           |  0.013564292710130006   |  0.013467466219762657   |
 -----------------------------------------------------------------------------
|           202           |  0.013548652659826011   |  0.013453487680265457   |
 -----------------------------------------------------------------------------
|           203           |   0.01353311463123191   |  0.013439594002046206   |
 -----------------------------------------------------------------------------
|           204           |  0.013517677201865289   |  0.013425783934185741   |
 -----------------------------------------------------------------------------
|           205           |  0.013502338981147614   |  0.013412056256444987   |
 -----------------------------------------------------------------------------
|           206           |   0.01348709860948642   |   0.01339840977831776   |
 -----------------------------------------------------------------------------
|           207           |  0.013471954757389295   |  0.013384843338117767   |
 -----------------------------------------------------------------------------
|           208           |  0.013456906124608342   |  0.013371355802098566   |
 -----------------------------------------------------------------------------
|           209           |  0.013441951439313937   |  0.013357946063605033   |
 -----------------------------------------------------------------------------
|           210           |  0.013427089457296572   |  0.013344613042255064   |
 -----------------------------------------------------------------------------
|           211           |  0.013412318961195761   |  0.013331355683150357   |
 -----------------------------------------------------------------------------
|           212           |   0.01339763875975481   |  0.013318172956115006   |
 -----------------------------------------------------------------------------
|           213           |  0.013383047687100596   |  0.013305063854960868   |
 -----------------------------------------------------------------------------
|           214           |  0.013368544602047236   |  0.013292027396778571   |
 -----------------------------------------------------------------------------
|           215           |   0.01335412838742284   |   0.01327906262125323   |
 -----------------------------------------------------------------------------
|           216           |   0.01333979794941837   |   0.01326616859000374   |
 -----------------------------------------------------------------------------
|           217           |  0.013325552216957783   |   0.01325334438594492   |
 -----------------------------------------------------------------------------
|           218           |  0.013311390141088706   |  0.013240589112671397   |
 -----------------------------------------------------------------------------
|           219           |  0.013297310694392724   |   0.01322790189386255   |
 -----------------------------------------------------------------------------
|           220           |  0.013283312870414718   |  0.013215281872707603   |
 -----------------------------------------------------------------------------
|           221           |  0.013269395683110355   |  0.013202728211350085   |
 -----------------------------------------------------------------------------
|           222           |  0.013255558166311212   |  0.013190240090350976   |
 -----------------------------------------------------------------------------
|           223           |  0.013241799373206747   |  0.013177816708169726   |
 -----------------------------------------------------------------------------
|           224           |  0.013228118375842575   |  0.013165457280662563   |
 -----------------------------------------------------------------------------
|           225           |  0.013214514264634427   |   0.01315316104059733   |
 -----------------------------------------------------------------------------
|           226           |  0.013200986147897192   |  0.013140927237184312   |
 -----------------------------------------------------------------------------
|           227           |   0.01318753315138852   |  0.013128755135622412   |
 -----------------------------------------------------------------------------
|           228           |  0.013174154417866443   |  0.013116644016660071   |
 -----------------------------------------------------------------------------
|           229           |  0.013160849106660539   |  0.013104593176170434   |
 -----------------------------------------------------------------------------
|           230           |  0.013147616393256073   |  0.013092601924740202   |
 -----------------------------------------------------------------------------
|           231           |  0.013134455468890756   |  0.013080669587271677   |
 -----------------------------------------------------------------------------
|           232           |  0.013121365540163597   |  0.013068795502597461   |
 -----------------------------------------------------------------------------
|           233           |  0.013108345828655447   |  0.013056979023107455   |
 -----------------------------------------------------------------------------
|           234           |  0.013095395570560818   |  0.013045219514387587   |
 -----------------------------------------------------------------------------
|           235           |  0.013082514016330593   |  0.013033516354869911   |
 -----------------------------------------------------------------------------
|           236           |  0.013069700430325251   |  0.013021868935493675   |
 -----------------------------------------------------------------------------
|           237           |  0.013056954090478197   |  0.013010276659376895   |
 -----------------------------------------------------------------------------
|           238           |  0.013044274287968925   |  0.012998738941498139   |
 -----------------------------------------------------------------------------
|           239           |  0.013031660326905614   |   0.0129872552083881    |
 -----------------------------------------------------------------------------
|           240           |   0.01301911152401686   |  0.012975824897830635   |
 -----------------------------------------------------------------------------
|           241           |  0.013006627208352233   |  0.012964447458572932   |
 -----------------------------------------------------------------------------
|           242           |  0.012994206720991369   |  0.012953122350044477   |
 -----------------------------------------------------------------------------
|           243           |  0.012981849414761286   |  0.012941849042084525   |
 -----------------------------------------------------------------------------
|           244           |  0.012969554653961688   |   0.01293062701467776   |
 -----------------------------------------------------------------------------
|           245           |  0.012957321814097951   |  0.012919455757697883   |
 -----------------------------------------------------------------------------
|           246           |   0.01294515028162156   |  0.012908334770658824   |
 -----------------------------------------------------------------------------
|           247           |  0.012933039453677755   |  0.012897263562473374   |
 -----------------------------------------------------------------------------
|           248           |  0.012920988737860134   |  0.012886241651218891   |
 -----------------------------------------------------------------------------
|           249           |  0.012908997551972008   |  0.012875268563909931   |
 -----------------------------------------------------------------------------
|           250           |  0.012897065323794286   |  0.012864343836277523   |
 -----------------------------------------------------------------------------
|           251           |  0.012885191490859624   |  0.012853467012554846   |
 -----------------------------------------------------------------------------
|           252           |  0.012873375500232771   |  0.012842637645269165   |
 -----------------------------------------------------------------------------
|           253           |  0.012861616808296743   |  0.012831855295039725   |
 -----------------------------------------------------------------------------
|           254           |  0.012849914880544783   |   0.01282111953038148   |
 -----------------------------------------------------------------------------
|           255           |  0.012838269191377857   |  0.012810429927514428   |
 -----------------------------------------------------------------------------
|           256           |   0.01282667922390751   |  0.012799786070178364   |
 -----------------------------------------------------------------------------
|           257           |  0.012815144469763961   |  0.012789187549452893   |
 -----------------------------------------------------------------------------
|           258           |  0.012803664428909194   |  0.012778633963582517   |
 -----------------------------------------------------------------------------
|           259           |  0.012792238609455006   |  0.012768124917806654   |
 -----------------------------------------------------------------------------
|           260           |  0.012780866527485737   |  0.012757660024194374   |
 -----------------------------------------------------------------------------
|           261           |  0.012769547706885634   |  0.012747238901483783   |
 -----------------------------------------------------------------------------
|           262           |  0.012758281679170636   |  0.012736861174925824   |
 -----------------------------------------------------------------------------
|           263           |  0.012747067983324534   |  0.012726526476132415   |
 -----------------------------------------------------------------------------
|           264           |  0.012735906165639257   |   0.01271623444292875   |
 -----------------------------------------------------------------------------
|           265           |  0.012724795779559286   |   0.01270598471920966   |
 -----------------------------------------------------------------------------
|           266           |  0.012713736385529965   |  0.012695776954799863   |
 -----------------------------------------------------------------------------
|           267           |  0.012702727550849675   |  0.012685610805318041   |
 -----------------------------------------------------------------------------
|           268           |  0.012691768849525702   |  0.012675485932044575   |
 -----------------------------------------------------------------------------
|           269           |  0.012680859862133721   |  0.012665402001792843   |
 -----------------------------------------------------------------------------
|           270           |  0.012670000175680773   |  0.012655358686783977   |
 -----------------------------------------------------------------------------
|           271           |  0.012659189383471674   |   0.01264535566452495   |
 -----------------------------------------------------------------------------
