3.390287980437278748e-02
1.366898324340581894e-02
9.840091690421104431e-03
6.969764828681945801e-03
5.176904611289501190e-03
3.915557172149419785e-03
3.059479407966136932e-03
2.469521481543779373e-03
2.047375310212373734e-03
1.744263689033687115e-03
1.525510568171739578e-03
1.364259980618953705e-03
1.244343351572751999e-03
1.155485864728689194e-03
1.089089782908558846e-03
1.037596492096781731e-03
9.970607934519648552e-04
9.646479738876223564e-04
9.381014388054609299e-04
9.155764710158109665e-04
8.964193402789533138e-04
8.797199116088449955e-04
8.650483214296400547e-04
8.517389651387929916e-04
8.399658254347741604e-04
8.291715639643371105e-04
8.192430250346660614e-04
8.101608837023377419e-04
8.020139066502451897e-04
7.945008110255002975e-04
7.875671144574880600e-04
7.811803952790796757e-04
7.753342506475746632e-04
7.699332199990749359e-04
7.648374303244054317e-04
7.599538075737655163e-04
7.552973111160099506e-04
7.508614799007773399e-04
7.465651142410933971e-04
7.425485528074204922e-04
7.387342047877609730e-04
7.351430831477046013e-04
7.316290866583585739e-04
7.282575243152678013e-04
7.252185605466365814e-04
7.223499706014990807e-04
7.196617079898715019e-04
7.170857279561460018e-04
7.145961862988770008e-04
7.122842362150549889e-04
