1.555353961884975433e-02
1.123649347573518753e-02
7.951552048325538635e-03
5.940730217844247818e-03
4.499843344092369080e-03
3.464621026068925858e-03
2.756193978711962700e-03
2.251432277262210846e-03
1.883016200736165047e-03
1.614662702195346355e-03
1.420907094143331051e-03
1.279471674934029579e-03
1.177920144982635975e-03
1.104634488001465797e-03
1.047740690410137177e-03
1.002575270831584930e-03
9.660976356826722622e-04
9.388942853547632694e-04
9.172240388579666615e-04
8.994509698823094368e-04
8.859267691150307655e-04
8.749642292968928814e-04
8.645072230137884617e-04
8.552467334084212780e-04
8.484158315695822239e-04
8.434054325334727764e-04
8.391903829760849476e-04
8.358194027096033096e-04
8.315369486808776855e-04
8.287239470519125462e-04
8.254835847765207291e-04
8.214424597099423409e-04
8.183064637705683708e-04
8.162487065419554710e-04
8.150786743499338627e-04
8.143858285620808601e-04
8.136678952723741531e-04
8.123710867948830128e-04
8.106025052256882191e-04
8.080176194198429585e-04
8.051047334447503090e-04
8.034232887439429760e-04
8.013708866201341152e-04
8.011492900550365448e-04
7.982585811987519264e-04
7.985797710716724396e-04
7.976125925779342651e-04
7.952523301355540752e-04
7.953473832458257675e-04
7.942446973174810410e-04
